v1	Id(M1)
Step Information: V2=600m  (Run: 1/3)
0.000000000000000e+000	3.372388e-012
1.000000000000000e-002	4.230492e-012
2.000000000000000e-002	5.355903e-012
3.000000000000000e-002	6.831779e-012
4.000000000000000e-002	8.767090e-012
5.000000000000000e-002	1.130461e-011
6.000000000000001e-002	1.463135e-011
7.000000000000001e-002	1.899221e-011
8.000000000000000e-002	2.470783e-011
9.000000000000000e-002	3.219780e-011
9.999999999999999e-002	4.201109e-011
1.100000000000000e-001	5.486556e-011
1.200000000000000e-001	7.169953e-011
1.300000000000000e-001	9.373873e-011
1.400000000000000e-001	1.225834e-010
1.500000000000000e-001	1.603211e-010
1.600000000000000e-001	2.096734e-010
1.700000000000000e-001	2.741843e-010
1.800000000000000e-001	3.584651e-010
1.900000000000000e-001	4.685082e-010
2.000000000000000e-001	6.120909e-010
2.100000000000001e-001	7.992927e-010
2.200000000000001e-001	1.043156e-009
2.300000000000001e-001	1.360526e-009
2.400000000000001e-001	1.773118e-009
2.500000000000001e-001	2.308868e-009
2.600000000000001e-001	3.003626e-009
2.700000000000001e-001	3.903285e-009
2.800000000000001e-001	5.066442e-009
2.900000000000001e-001	6.567701e-009
3.000000000000001e-001	8.501770e-009
3.100000000000001e-001	1.098852e-008
3.200000000000001e-001	1.417924e-008
3.300000000000001e-001	1.826425e-008
3.400000000000001e-001	2.348241e-008
3.500000000000001e-001	3.013256e-008
3.600000000000002e-001	3.858773e-008
3.700000000000002e-001	4.931229e-008
3.800000000000002e-001	6.288286e-008
3.900000000000002e-001	8.001327e-008
4.000000000000002e-001	1.015838e-007
4.100000000000002e-001	1.286749e-007
4.200000000000002e-001	1.626034e-007
4.300000000000002e-001	2.049608e-007
4.400000000000002e-001	2.576481e-007
4.500000000000002e-001	3.229044e-007
4.600000000000002e-001	4.033213e-007
4.700000000000003e-001	5.018370e-007
4.800000000000003e-001	6.217047e-007
4.900000000000003e-001	7.664299e-007
5.000000000000002e-001	9.396771e-007
5.100000000000002e-001	1.145147e-006
5.200000000000002e-001	1.386437e-006
5.300000000000003e-001	1.666889e-006
5.400000000000003e-001	1.989449e-006
5.500000000000003e-001	2.356539e-006
5.600000000000003e-001	2.769968e-006
5.700000000000003e-001	3.230876e-006
5.800000000000003e-001	3.739719e-006
5.900000000000003e-001	4.296301e-006
6.000000000000003e-001	4.899829e-006
6.100000000000003e-001	5.549000e-006
6.200000000000003e-001	6.242099e-006
6.300000000000003e-001	6.977099e-006
6.400000000000004e-001	7.751769e-006
6.500000000000004e-001	8.563761e-006
6.600000000000004e-001	9.410694e-006
6.700000000000004e-001	1.029021e-005
6.800000000000004e-001	1.120006e-005
6.900000000000004e-001	1.213806e-005
7.000000000000004e-001	1.310222e-005
7.100000000000004e-001	1.409068e-005
7.200000000000004e-001	1.510174e-005
7.300000000000004e-001	1.613387e-005
7.400000000000004e-001	1.718568e-005
7.500000000000004e-001	1.825592e-005
7.600000000000005e-001	1.934350e-005
7.700000000000005e-001	2.044740e-005
7.800000000000005e-001	2.156676e-005
7.900000000000005e-001	2.270077e-005
8.000000000000005e-001	2.384872e-005
8.100000000000005e-001	2.500997e-005
8.200000000000005e-001	2.618395e-005
8.300000000000005e-001	2.737010e-005
8.400000000000005e-001	2.856796e-005
8.500000000000005e-001	2.977708e-005
8.600000000000005e-001	3.099702e-005
8.700000000000006e-001	3.222741e-005
8.800000000000006e-001	3.346787e-005
8.900000000000006e-001	3.471804e-005
9.000000000000006e-001	3.597758e-005
9.100000000000006e-001	3.724617e-005
9.200000000000006e-001	3.852348e-005
9.300000000000006e-001	3.980922e-005
9.400000000000006e-001	4.110308e-005
9.500000000000006e-001	4.240476e-005
9.600000000000006e-001	4.371397e-005
9.700000000000006e-001	4.503043e-005
9.800000000000007e-001	4.635386e-005
9.900000000000007e-001	4.768397e-005
1.000000000000001e+000	4.902051e-005
1.010000000000001e+000	5.036318e-005
1.020000000000001e+000	5.171174e-005
1.030000000000001e+000	5.306591e-005
1.040000000000001e+000	5.442544e-005
1.050000000000001e+000	5.579007e-005
1.060000000000001e+000	5.715954e-005
1.070000000000001e+000	5.853360e-005
1.080000000000001e+000	5.991202e-005
1.090000000000001e+000	6.129454e-005
1.100000000000001e+000	6.268091e-005
1.110000000000001e+000	6.407093e-005
1.120000000000001e+000	6.546433e-005
1.130000000000001e+000	6.686089e-005
1.140000000000001e+000	6.826039e-005
1.150000000000001e+000	6.966262e-005
1.160000000000001e+000	7.106733e-005
1.170000000000001e+000	7.247431e-005
1.180000000000001e+000	7.388336e-005
1.190000000000001e+000	7.529427e-005
1.200000000000001e+000	7.670683e-005
1.210000000000001e+000	7.812082e-005
1.220000000000001e+000	7.953606e-005
1.230000000000001e+000	8.095234e-005
1.240000000000001e+000	8.236947e-005
1.250000000000001e+000	8.378726e-005
1.260000000000001e+000	8.520551e-005
1.270000000000001e+000	8.662404e-005
1.280000000000001e+000	8.804266e-005
1.290000000000001e+000	8.946119e-005
1.300000000000001e+000	9.087945e-005
1.310000000000001e+000	9.229725e-005
1.320000000000001e+000	9.371444e-005
1.330000000000001e+000	9.513081e-005
1.340000000000001e+000	9.654621e-005
1.350000000000001e+000	9.796045e-005
1.360000000000001e+000	9.937337e-005
1.370000000000001e+000	1.007848e-004
1.380000000000001e+000	1.021946e-004
1.390000000000001e+000	1.036025e-004
1.400000000000001e+000	1.050084e-004
1.410000000000001e+000	1.064122e-004
1.420000000000001e+000	1.078136e-004
1.430000000000001e+000	1.092125e-004
1.440000000000001e+000	1.106087e-004
1.450000000000001e+000	1.120021e-004
1.460000000000001e+000	1.133924e-004
1.470000000000001e+000	1.147796e-004
1.480000000000001e+000	1.161634e-004
1.490000000000001e+000	1.175437e-004
1.500000000000001e+000	1.189203e-004
1.510000000000001e+000	1.202930e-004
1.520000000000001e+000	1.216617e-004
1.530000000000001e+000	1.230261e-004
1.540000000000001e+000	1.243862e-004
1.550000000000001e+000	1.257416e-004
1.560000000000001e+000	1.270923e-004
1.570000000000001e+000	1.284380e-004
1.580000000000001e+000	1.297786e-004
1.590000000000001e+000	1.311138e-004
1.600000000000001e+000	1.324435e-004
1.610000000000001e+000	1.337675e-004
1.620000000000001e+000	1.350856e-004
1.630000000000001e+000	1.363975e-004
1.640000000000001e+000	1.377032e-004
1.650000000000001e+000	1.390023e-004
1.660000000000001e+000	1.402946e-004
1.670000000000001e+000	1.415801e-004
1.680000000000001e+000	1.428583e-004
1.690000000000001e+000	1.441292e-004
1.700000000000001e+000	1.453925e-004
1.710000000000001e+000	1.466480e-004
1.720000000000001e+000	1.478955e-004
1.730000000000001e+000	1.491346e-004
1.740000000000001e+000	1.503654e-004
1.750000000000001e+000	1.515874e-004
1.760000000000001e+000	1.528005e-004
1.770000000000001e+000	1.540044e-004
1.780000000000001e+000	1.551990e-004
1.790000000000001e+000	1.563839e-004
1.800000000000000e+000	1.575591e-004
Step Information: V2=1.2  (Run: 2/3)
0.000000000000000e+000	4.774239e-012
1.000000000000000e-002	5.882332e-012
2.000000000000000e-002	7.335603e-012
3.000000000000000e-002	9.241437e-012
4.000000000000000e-002	1.174055e-011
5.000000000000000e-002	1.501730e-011
6.000000000000001e-002	1.931318e-011
7.000000000000001e-002	2.494444e-011
8.000000000000000e-002	3.232508e-011
9.000000000000000e-002	4.199695e-011
9.999999999999999e-002	5.466889e-011
1.100000000000000e-001	7.126785e-011
1.200000000000000e-001	9.300540e-011
1.300000000000000e-001	1.214642e-010
1.400000000000000e-001	1.587104e-010
1.500000000000000e-001	2.074395e-010
1.600000000000000e-001	2.711650e-010
1.700000000000000e-001	3.544625e-010
1.800000000000000e-001	4.632847e-010
1.900000000000000e-001	6.053667e-010
2.000000000000000e-001	7.907466e-010
2.100000000000001e-001	1.032432e-009
2.200000000000001e-001	1.347251e-009
2.300000000000001e-001	1.756934e-009
2.400000000000001e-001	2.289487e-009
2.500000000000001e-001	2.980919e-009
2.600000000000001e-001	3.877424e-009
2.700000000000001e-001	5.038098e-009
2.800000000000001e-001	6.538334e-009
2.900000000000001e-001	8.474021e-009
3.000000000000001e-001	1.096673e-008
3.100000000000001e-001	1.417008e-008
3.200000000000001e-001	1.827751e-008
3.300000000000001e-001	2.353180e-008
3.400000000000001e-001	3.023654e-008
3.500000000000001e-001	3.877012e-008
3.600000000000002e-001	4.960245e-008
3.700000000000002e-001	6.331511e-008
3.800000000000002e-001	8.062516e-008
3.900000000000002e-001	1.024130e-007
4.000000000000002e-001	1.297542e-007
4.100000000000002e-001	1.639545e-007
4.200000000000002e-001	2.065871e-007
4.300000000000002e-001	2.595279e-007
4.400000000000002e-001	3.249862e-007
4.500000000000002e-001	4.055243e-007
4.600000000000002e-001	5.040594e-007
4.700000000000003e-001	6.238420e-007
4.800000000000003e-001	7.684048e-007
4.900000000000003e-001	9.414817e-007
5.000000000000002e-001	1.146895e-006
5.100000000000002e-001	1.388422e-006
5.200000000000002e-001	1.669642e-006
5.300000000000003e-001	1.993790e-006
5.400000000000003e-001	2.363617e-006
5.500000000000003e-001	2.781280e-006
5.600000000000003e-001	3.248262e-006
5.700000000000003e-001	3.765338e-006
5.800000000000003e-001	4.332584e-006
5.900000000000003e-001	4.949418e-006
6.000000000000003e-001	5.614672e-006
6.100000000000003e-001	6.326693e-006
6.200000000000003e-001	7.083444e-006
6.300000000000003e-001	7.882618e-006
6.400000000000004e-001	8.721736e-006
6.500000000000004e-001	9.598244e-006
6.600000000000004e-001	1.050959e-005
6.700000000000004e-001	1.145328e-005
6.800000000000004e-001	1.242694e-005
6.900000000000004e-001	1.342834e-005
7.000000000000004e-001	1.445541e-005
7.100000000000004e-001	1.550625e-005
7.200000000000004e-001	1.657914e-005
7.300000000000004e-001	1.767255e-005
7.400000000000004e-001	1.878509e-005
7.500000000000004e-001	1.991552e-005
7.600000000000005e-001	2.106275e-005
7.700000000000005e-001	2.222582e-005
7.800000000000005e-001	2.340386e-005
7.900000000000005e-001	2.459610e-005
8.000000000000005e-001	2.580187e-005
8.100000000000005e-001	2.702055e-005
8.200000000000005e-001	2.825160e-005
8.300000000000005e-001	2.949453e-005
8.400000000000005e-001	3.074886e-005
8.500000000000005e-001	3.201420e-005
8.600000000000005e-001	3.329014e-005
8.700000000000006e-001	3.457634e-005
8.800000000000006e-001	3.587245e-005
8.900000000000006e-001	3.717814e-005
9.000000000000006e-001	3.849311e-005
9.100000000000006e-001	3.981706e-005
9.200000000000006e-001	4.114970e-005
9.300000000000006e-001	4.249076e-005
9.400000000000006e-001	4.383995e-005
9.500000000000006e-001	4.519701e-005
9.600000000000006e-001	4.656168e-005
9.700000000000006e-001	4.793371e-005
9.800000000000007e-001	4.931282e-005
9.900000000000007e-001	5.069879e-005
1.000000000000001e+000	5.209136e-005
1.010000000000001e+000	5.349029e-005
1.020000000000001e+000	5.489534e-005
1.030000000000001e+000	5.630627e-005
1.040000000000001e+000	5.772285e-005
1.050000000000001e+000	5.914486e-005
1.060000000000001e+000	6.057206e-005
1.070000000000001e+000	6.200423e-005
1.080000000000001e+000	6.344117e-005
1.090000000000001e+000	6.488265e-005
1.100000000000001e+000	6.632846e-005
1.110000000000001e+000	6.777840e-005
1.120000000000001e+000	6.923226e-005
1.130000000000001e+000	7.068984e-005
1.140000000000001e+000	7.215096e-005
1.150000000000001e+000	7.361543e-005
1.160000000000001e+000	7.508304e-005
1.170000000000001e+000	7.655364e-005
1.180000000000001e+000	7.802703e-005
1.190000000000001e+000	7.950305e-005
1.200000000000001e+000	8.098152e-005
1.210000000000001e+000	8.246228e-005
1.220000000000001e+000	8.394516e-005
1.230000000000001e+000	8.543002e-005
1.240000000000001e+000	8.691669e-005
1.250000000000001e+000	8.840504e-005
1.260000000000001e+000	8.989490e-005
1.270000000000001e+000	9.138615e-005
1.280000000000001e+000	9.287865e-005
1.290000000000001e+000	9.437225e-005
1.300000000000001e+000	9.586683e-005
1.310000000000001e+000	9.736227e-005
1.320000000000001e+000	9.885843e-005
1.330000000000001e+000	1.003552e-004
1.340000000000001e+000	1.018525e-004
1.350000000000001e+000	1.033501e-004
1.360000000000001e+000	1.048480e-004
1.370000000000001e+000	1.063461e-004
1.380000000000001e+000	1.078443e-004
1.390000000000001e+000	1.093424e-004
1.400000000000001e+000	1.108403e-004
1.410000000000001e+000	1.123381e-004
1.420000000000001e+000	1.138355e-004
1.430000000000001e+000	1.153325e-004
1.440000000000001e+000	1.168289e-004
1.450000000000001e+000	1.183248e-004
1.460000000000001e+000	1.198201e-004
1.470000000000001e+000	1.213145e-004
1.480000000000001e+000	1.228082e-004
1.490000000000001e+000	1.243010e-004
1.500000000000001e+000	1.257927e-004
1.510000000000001e+000	1.272835e-004
1.520000000000001e+000	1.287731e-004
1.530000000000001e+000	1.302616e-004
1.540000000000001e+000	1.317488e-004
1.550000000000001e+000	1.332347e-004
1.560000000000001e+000	1.347192e-004
1.570000000000001e+000	1.362023e-004
1.580000000000001e+000	1.376839e-004
1.590000000000001e+000	1.391640e-004
1.600000000000001e+000	1.406425e-004
1.610000000000001e+000	1.421194e-004
1.620000000000001e+000	1.435946e-004
1.630000000000001e+000	1.450680e-004
1.640000000000001e+000	1.465396e-004
1.650000000000001e+000	1.480094e-004
1.660000000000001e+000	1.494773e-004
1.670000000000001e+000	1.509433e-004
1.680000000000001e+000	1.524073e-004
1.690000000000001e+000	1.538693e-004
1.700000000000001e+000	1.553293e-004
1.710000000000001e+000	1.567872e-004
1.720000000000001e+000	1.582429e-004
1.730000000000001e+000	1.596965e-004
1.740000000000001e+000	1.611479e-004
1.750000000000001e+000	1.625971e-004
1.760000000000001e+000	1.640439e-004
1.770000000000001e+000	1.654885e-004
1.780000000000001e+000	1.669308e-004
1.790000000000001e+000	1.683707e-004
1.800000000000000e+000	1.698082e-004
Step Information: V2=1.8  (Run: 3/3)
0.000000000000000e+000	7.148999e-012
1.000000000000000e-002	8.810399e-012
2.000000000000000e-002	1.098934e-011
3.000000000000000e-002	1.384681e-011
4.000000000000000e-002	1.759380e-011
5.000000000000000e-002	2.250672e-011
6.000000000000001e-002	2.894764e-011
7.000000000000001e-002	3.739070e-011
8.000000000000000e-002	4.845662e-011
9.000000000000000e-002	6.295777e-011
9.999999999999999e-002	8.195689e-011
1.100000000000000e-001	1.068437e-010
1.200000000000000e-001	1.394345e-010
1.300000000000000e-001	1.821022e-010
1.400000000000000e-001	2.379441e-010
1.500000000000000e-001	3.110010e-010
1.600000000000000e-001	4.065397e-010
1.700000000000000e-001	5.314187e-010
1.800000000000000e-001	6.945603e-010
1.900000000000000e-001	9.075569e-010
2.000000000000000e-001	1.185451e-009
2.100000000000001e-001	1.547731e-009
2.200000000000001e-001	2.019607e-009
2.300000000000001e-001	2.633621e-009
2.400000000000001e-001	3.431702e-009
2.500000000000001e-001	4.467738e-009
2.600000000000001e-001	5.810821e-009
2.700000000000001e-001	7.549278e-009
2.800000000000001e-001	9.795691e-009
2.900000000000001e-001	1.269309e-008
3.000000000000001e-001	1.642253e-008
3.100000000000001e-001	2.121237e-008
3.200000000000001e-001	2.734950e-008
3.300000000000001e-001	3.519285e-008
3.400000000000001e-001	4.518960e-008
3.500000000000001e-001	5.789444e-008
3.600000000000002e-001	7.399225e-008
3.700000000000002e-001	9.432468e-008
3.800000000000002e-001	1.199206e-007
3.900000000000002e-001	1.520303e-007
4.000000000000002e-001	1.921630e-007
4.100000000000002e-001	2.421257e-007
4.200000000000002e-001	3.040597e-007
4.300000000000002e-001	3.804721e-007
4.400000000000002e-001	4.742534e-007
4.500000000000002e-001	5.886765e-007
4.600000000000002e-001	7.273676e-007
4.700000000000003e-001	8.942451e-007
4.800000000000003e-001	1.093422e-006
4.900000000000003e-001	1.329073e-006
5.000000000000002e-001	1.605280e-006
5.100000000000002e-001	1.925860e-006
5.200000000000002e-001	2.294194e-006
5.300000000000003e-001	2.713076e-006
5.400000000000003e-001	3.184593e-006
5.500000000000003e-001	3.710047e-006
5.600000000000003e-001	4.289927e-006
5.700000000000003e-001	4.923928e-006
5.800000000000003e-001	5.611009e-006
5.900000000000003e-001	6.349489e-006
6.000000000000003e-001	7.137163e-006
6.100000000000003e-001	7.971425e-006
6.200000000000003e-001	8.849403e-006
6.300000000000003e-001	9.768071e-006
6.400000000000004e-001	1.072436e-005
6.500000000000004e-001	1.171523e-005
6.600000000000004e-001	1.273777e-005
6.700000000000004e-001	1.378923e-005
6.800000000000004e-001	1.486705e-005
6.900000000000004e-001	1.596888e-005
7.000000000000004e-001	1.709261e-005
7.100000000000004e-001	1.823635e-005
7.200000000000004e-001	1.939840e-005
7.300000000000004e-001	2.057729e-005
7.400000000000004e-001	2.177173e-005
7.500000000000004e-001	2.298057e-005
7.600000000000005e-001	2.420285e-005
7.700000000000005e-001	2.543769e-005
7.800000000000005e-001	2.668437e-005
7.900000000000005e-001	2.794223e-005
8.000000000000005e-001	2.921071e-005
8.100000000000005e-001	3.048932e-005
8.200000000000005e-001	3.177762e-005
8.300000000000005e-001	3.307522e-005
8.400000000000005e-001	3.438177e-005
8.500000000000005e-001	3.569696e-005
8.600000000000005e-001	3.702049e-005
8.700000000000006e-001	3.835209e-005
8.800000000000006e-001	3.969151e-005
8.900000000000006e-001	4.103850e-005
9.000000000000006e-001	4.239284e-005
9.100000000000006e-001	4.375430e-005
9.200000000000006e-001	4.512266e-005
9.300000000000006e-001	4.649771e-005
9.400000000000006e-001	4.787924e-005
9.500000000000006e-001	4.926705e-005
9.600000000000006e-001	5.066092e-005
9.700000000000006e-001	5.206068e-005
9.800000000000007e-001	5.346609e-005
9.900000000000007e-001	5.487699e-005
1.000000000000001e+000	5.629316e-005
1.010000000000001e+000	5.771441e-005
1.020000000000001e+000	5.914055e-005
1.030000000000001e+000	6.057138e-005
1.040000000000001e+000	6.200673e-005
1.050000000000001e+000	6.344639e-005
1.060000000000001e+000	6.489020e-005
1.070000000000001e+000	6.633796e-005
1.080000000000001e+000	6.778949e-005
1.090000000000001e+000	6.924463e-005
1.100000000000001e+000	7.070319e-005
1.110000000000001e+000	7.216500e-005
1.120000000000001e+000	7.362990e-005
1.130000000000001e+000	7.509772e-005
1.140000000000001e+000	7.656831e-005
1.150000000000001e+000	7.804149e-005
1.160000000000001e+000	7.951712e-005
1.170000000000001e+000	8.099506e-005
1.180000000000001e+000	8.247514e-005
1.190000000000001e+000	8.395723e-005
1.200000000000001e+000	8.544119e-005
1.210000000000001e+000	8.692688e-005
1.220000000000001e+000	8.841417e-005
1.230000000000001e+000	8.990293e-005
1.240000000000001e+000	9.139303e-005
1.250000000000001e+000	9.288434e-005
1.260000000000001e+000	9.437676e-005
1.270000000000001e+000	9.587016e-005
1.280000000000001e+000	9.736444e-005
1.290000000000001e+000	9.885948e-005
1.300000000000001e+000	1.003552e-004
1.310000000000001e+000	1.018514e-004
1.320000000000001e+000	1.033481e-004
1.330000000000001e+000	1.048452e-004
1.340000000000001e+000	1.063425e-004
1.350000000000001e+000	1.078400e-004
1.360000000000001e+000	1.093376e-004
1.370000000000001e+000	1.108352e-004
1.380000000000001e+000	1.123327e-004
1.390000000000001e+000	1.138301e-004
1.400000000000001e+000	1.153272e-004
1.410000000000001e+000	1.168239e-004
1.420000000000001e+000	1.183204e-004
1.430000000000001e+000	1.198163e-004
1.440000000000001e+000	1.213117e-004
1.450000000000001e+000	1.228066e-004
1.460000000000001e+000	1.243007e-004
1.470000000000001e+000	1.257942e-004
1.480000000000001e+000	1.272869e-004
1.490000000000001e+000	1.287788e-004
1.500000000000001e+000	1.302697e-004
1.510000000000001e+000	1.317598e-004
1.520000000000001e+000	1.332488e-004
1.530000000000001e+000	1.347368e-004
1.540000000000001e+000	1.362237e-004
1.550000000000001e+000	1.377094e-004
1.560000000000001e+000	1.391940e-004
1.570000000000001e+000	1.406773e-004
1.580000000000001e+000	1.421594e-004
1.590000000000001e+000	1.436402e-004
1.600000000000001e+000	1.451195e-004
1.610000000000001e+000	1.465976e-004
1.620000000000001e+000	1.480741e-004
1.630000000000001e+000	1.495492e-004
1.640000000000001e+000	1.510228e-004
1.650000000000001e+000	1.524948e-004
1.660000000000001e+000	1.539653e-004
1.670000000000001e+000	1.554342e-004
1.680000000000001e+000	1.569014e-004
1.690000000000001e+000	1.583670e-004
1.700000000000001e+000	1.598309e-004
1.710000000000001e+000	1.612930e-004
1.720000000000001e+000	1.627534e-004
1.730000000000001e+000	1.642120e-004
1.740000000000001e+000	1.656689e-004
1.750000000000001e+000	1.671238e-004
1.760000000000001e+000	1.685770e-004
1.770000000000001e+000	1.700282e-004
1.780000000000001e+000	1.714775e-004
1.790000000000001e+000	1.729249e-004
1.800000000000000e+000	1.743704e-004
